8.529310252760418098e-01
7.204232416026706609e+00
5.112499185852312777e+00
1.728568427174958844e+00
1.409381040686267461e+00
5.094391573512943694e+00
2.948054376484355643e+00
4.917503796950911110e-01
2.688827480469548337e-01
3.326379177514175112e+00
2.025547043602477615e+00
-2.223063083839166287e-01
2.897883829814928980e+00
9.900286128174233813e-01
3.037594090178136419e+00
4.321960671859086389e+00
1.234392178071179735e+00
1.715574666247513536e+00
1.377237103954358055e+00
8.702176458524802927e-01
2.561377970882370736e+00
2.518327957918972348e+00
1.075640648957020051e+00
1.106168976686341132e+01
-1.356691878258723949e-01
-5.109219577899573039e-01
3.035321158056451640e+00
6.349060177235027247e+00
5.102094375968726503e+00
1.511345488308797780e+00
2.322988967387035864e+00
4.588431124003421679e+00
4.011971150751015180e+00
5.321982177444394502e+00
2.217542095133838043e+00
4.046512511159621184e+00
1.743749471228599912e+00
2.234293199878944591e+00
5.602269271010453799e-01
3.568254897945561943e+00
5.493429502512334750e-01
1.384335661177114574e+01
2.416178944847879873e+00
9.445564249589892825e+00
2.391879316898327001e+00
1.709312841389957427e+00
-7.803108624387039560e-01
3.514151721270935003e+00
5.698279597755647963e+00
1.432650112054469238e+00
-2.392925533992509735e+00
3.506854278888694498e+00
2.429489701448378280e+00
6.371818278236139887e-01
8.318796314176403195e-01
3.543251609677790182e+00
4.226658731000717317e+00
4.119643430636803494e+00
1.840055870052618614e+00
4.496379266330428059e+00
4.243561147870974715e+00
-6.879143090578681008e-01
1.474341599826505700e+00
8.119151511074700345e-01
3.507474556886385653e+00
3.489488330722679610e+00
1.711006242351809981e+00
2.830137115307192364e+00
2.512586579684249699e+00
4.452237961821920109e+00
3.630550853100350306e+00
1.097936302563361499e+00
5.618596180024179709e+00
2.417274921465733417e+00
-1.904904000713341983e+00
2.788218791471833047e+00
4.215506450863691690e+00
-2.517669552343024808e-01
1.509078163428501540e+00
4.953170892818906101e-01
3.715151208018044660e+00
4.815451732859512113e+00
2.180760599045327375e+00
9.912889060601293156e-01
2.470046250333430393e+00
4.854666018408016370e+00
-2.049964657154896841e+00
3.728379412273486793e+00
3.752007201573435591e+00
2.185239547862061205e+00
5.026348614976117624e+00
-1.170794278885104678e+00
2.869767589910886318e+00
-8.699356660878045100e-02
2.640445813232245698e+00
-5.316525564020279093e-01
1.905352792905295578e+00
3.323351658285015997e+00
3.423524221970284387e+00
3.394830484159935047e+00
-2.672166436270924650e-01
3.887969091629869478e+00
5.310473595066280694e+00
-5.433762331078417773e-01
1.793692089243967169e+00
3.650664149698974903e+00
1.637516085160719825e+01
1.267469441744260905e+00
1.944860693393505091e+00
2.576937379607549872e+00
6.340338842841449107e+00
-6.203718275516417746e-01
4.241796595419029536e+00
9.347553692909849943e+00
2.057046230180462842e+00
1.772275791726807492e+00
5.372656303046445814e+00
2.265984409089348617e+00
3.483573933110209797e+00
2.385541409802112156e+00
3.170685744990644928e+00
1.491797021475361529e+00
2.066344881017108559e+00
2.624551342282323674e+00
3.266577987240976366e+00
7.712741007947347682e-02
-2.039533671032313922e-01
1.071727942426122127e+00
5.695405284943158009e+00
1.302939826760089570e+00
-3.073959062317332958e+00
1.124238464220851830e+00
3.170879823354827654e+00
-3.038673948804356595e+00
6.397358542829707950e+00
2.611678996840582911e+00
-1.255681725691700334e+00
2.172439669728940981e+00
2.403019138943235600e+00
8.910791862544154895e+00
5.322059617570571888e+00
3.281111493105595578e+00
1.061792977343047362e+01
6.573217585124631057e-01
3.333238061412603925e-01
6.665569917401223066e+00
3.330529065395892441e-01
3.677323109684905500e+00
3.453638997171448732e-01
2.194356699518694054e+00
2.428726155871372416e+00
3.591405696323194174e+00
2.723817749195085014e+00
1.213393681405432245e+00
1.921286894077573471e-01
2.863655477236354052e+00
1.172811149928332908e+00
2.061799427246143424e+01
2.904088434879199543e+00
-1.299910199523714727e-01
3.751440349498963656e+00
-3.999567591147167311e-01
1.282484347856001516e+00
2.329809226784291254e-01
4.224351220987450084e+00
5.215045525212623545e+00
3.925503166961306079e+00
5.078055602111398059e+00
2.856766981439587738e+00
2.537356067797496006e-01
4.254835649179396384e+00
4.812713846377044469e+00
2.405109740870831292e+00
3.224501979654094797e+00
1.090621213150982038e+00
9.905814844753603188e-01
4.002470053529251892e+00
1.716243096904038090e+00
5.248664552643024450e+00
1.048414104848482076e+00
1.104928359644905767e+00
2.473675234912171117e+00
5.978588153070974798e+00
7.885366166875657612e+00
-3.522737368844034433e-01
4.235437667059121836e+00
6.141815809468217147e+00
6.527954511281089944e-01
-5.283841576384193939e-01
1.670738519203584405e+00
-9.397232992241375538e-01
3.784152191367290641e+00
2.707236960260074987e+00
5.855432588010137884e+00
-3.662260626528640595e-01
1.714449389837290338e+00
1.468588485484059625e+00
-1.917633854770828483e+00
3.954937022633229216e+00
6.291641960150279544e+00
4.772835719611707161e-01
7.418712947427912319e-01
3.850601313190627373e+00
2.167465929589024398e+00
7.226394467770519192e+00
1.016868859664252112e+00
3.597401951634282113e+00
2.310262437823018544e+00
2.327093466416137346e+00
1.123556149615051680e+00
-4.168044129385261587e-01
4.204396029716281014e+00
3.209676285342491386e+00
1.367364504752954524e+01
3.796766526420110033e+00
4.805857196692506328e+00
3.226913433012391419e+00
3.145050459295297696e+00
3.801405116881327206e+00
3.092736827779007935e+00
9.016385678141284332e-01
8.918186222359468118e+00
5.104382392107577715e+00
2.059162005523372585e+00
2.610107301160196069e+00
3.661177925758457352e+00
3.160580837106003571e+00
-8.853135331061124935e-01
4.252662027944642986e+00
6.890027597206171972e-01
2.761998543555445274e+00
-4.270401295864604818e-01
-1.395295818515431829e+00
3.687224611580000033e+00
2.877387835756239021e+00
4.397541574324248970e+00
-8.291485465059051929e-01
7.885780760618106289e-01
2.891542104836408278e+00
3.071238846100189601e+00
8.563144372902931067e-01
9.786127545378788817e-01
1.940679522635942789e+00
1.872740249801904788e+00
5.217318773826541189e+00
3.788263132358669960e+00
6.492703833783163958e+00
-5.269702991160486460e-01
4.271876921826460283e+00
2.769043003308394812e+00
1.788773187588065383e+01
9.086177697133497322e-01
-7.846529840099010500e-02
2.227065368167002735e+00
3.254515594174320348e-01
1.452949725556453853e+00
2.004886296454564487e+01
-7.328387554876064636e-01
3.773126954307509884e+00
9.952198139826429202e-01
4.546455112762717299e+00
-7.688301145758104083e-01
5.009868463342255218e+00
3.245224229693015161e+00
5.256053996098644099e+00
-2.120493405960337974e+00
2.635896320876147225e+00
2.550064827008494017e+00
1.370718509920901163e+00
2.356207490737360910e+00
3.695248414271832260e+00
4.007395615432391978e+00
2.732940302855195736e+00
1.638439620059776836e+00
1.552530823617915612e+00
2.687556630392673895e+00
3.185007195680399139e+00
4.622675004055300185e+00
2.498883708253285096e+00
8.278422605481825514e+00
2.445359654012545736e+00
1.089848755164271266e+00
2.881386205324563576e+00
4.450871176628194981e+00
6.144508497386909518e+00
-7.310338273087385597e-01
2.105327489468179181e+01
-1.644521884882593099e+00
2.383814385020566196e+00
1.737517212533007616e+00
4.412046791089919040e+00
4.307061324531370694e+00
1.784563814259914727e+00
2.097439542086797726e+00
4.174347958654374580e+00
1.343547223215101782e+00
1.257529018591831971e+00
1.980579635464795984e+00
-9.444706561676222689e-01
2.170241178202830579e+00
2.908516391277493618e+00
5.472650384385930877e-01
9.943009553006884049e-01
2.264882700922612457e+00
1.342158420229365712e+00
1.385831865010919151e+00
1.320419196373148418e+00
1.140305666630087700e+00
1.960109282121143548e-01
2.410906700842581074e+00
4.766200062337906829e+00
9.629206773169874722e+00
8.538180798273247163e+00
6.601466903131499864e-01
1.055421889455478324e+00
4.940106266404846735e+00
2.267755341110730960e+00
5.211444479937552998e+00
4.377964333828587407e+00
6.672670381613523993e+00
2.773389449147921848e+00
1.260394175165181885e+01
3.162673774591929360e-02
1.371374176078778095e+00
5.983750227434050828e+00
1.818759237929385320e+00
1.220046840033293378e+01
-1.264360555294204103e+00
5.224839985016104471e+00
-1.132019836945065805e+00
2.871709712252135560e+00
2.843579978625970561e+00
1.782952172856369089e+00
-2.431397952377475635e-01
1.785482499337862627e+00
3.626542262047307119e+00
2.143710374326029289e+00
4.787552252111555440e+00
5.801379755116357062e-01
3.471321273242518046e+00
2.137585682618155847e+00
7.097385878319593111e+00
4.728888333885344353e-01
1.422645551762212746e+00
2.009397971795256144e+00
2.081401447549480199e+00
-6.781668474283060466e-02
2.981945556733203606e+00
-7.324652579921087092e-01
4.314184930172991095e+00
2.969022211900691932e+00
5.357205841115149081e-01
2.009999767219658562e+00
2.039525404606792325e-01
1.659180647105811479e+00
8.102663510130648783e-01
2.646499522468322985e-01
1.369002932653266003e+00
-1.769505095697075481e+00
4.713601993286149039e+00
5.422960307668472923e-01
1.836719783795824457e+00
6.116729964678084386e+00
-2.919845582057517763e+00
2.292835933305787499e+00
2.299483404108303652e+00
4.181424746934269798e+00
-6.660524466988972936e-01
2.392000792304000534e+00
1.172257067882276571e+00
1.094664772510790973e+00
3.653765111012633682e+00
3.573552345589838808e-01
-2.706581061452599357e+00
3.390340189301891627e+00
7.869456235764278329e-01
2.073139295014332806e+00
1.675196892478501454e+00
2.377840310372820176e-01
1.175960115959576280e+00
-1.998668940652746639e-01
1.316339405306760213e+01
7.260847407031025824e+00
-9.787223187315544082e-02
1.483863512121103678e+00
-1.995012375686584294e+00
1.639714325776057136e+00
2.675510797503912297e+00
4.574767434317952741e+00
2.733642657948371024e+00
3.161937894597009358e+00
3.325861259450601626e+00
2.849956265620717577e+00
3.488528938271689750e+00
1.901296109460696382e+00
2.571211509630610070e+00
2.178197531253911023e+00
4.340241462417072232e-02
-3.674572795392336277e-01
1.137713417254015313e+00
-2.646547524354533998e+00
1.012927572225332362e+00
-3.258692109104386336e+00
-4.599120827692408042e+00
-5.136342518619616548e+00
-1.547771809605455795e+00
-2.421299066640552944e+00
6.805715242166761048e-01
-3.432497773660375895e+00
-6.270203145460528926e-01
-7.045817485711836525e+00
-1.823437398860134229e+00
-8.180132703040633446e-01
4.297735850819184855e-01
-9.858688824815913243e-01
-6.536801826554924588e+00
-8.210686788261187807e-01
-1.690836251422001890e+00
-3.925083730100854762e+00
-3.561085077902124141e+00
-1.794213092803616627e+00
-2.781394256454615466e+00
-1.300583936341783264e+00
-2.564736180340483340e+00
-2.846880953804047820e+00
-3.176260517776317460e+00
-3.087064201964049293e+00
-2.639291102403066525e+00
-4.016863030664290513e+00
9.214747660558960662e-01
-3.610595661425826997e+00
-2.779015930427244374e+00
-1.695953973897966982e+00
-3.617069703514495416e+00
-2.422282675833489662e+00
-2.749374059867548237e+00
-1.082940558269110731e+00
-4.095141940235906830e+00
-3.829815126459448216e+00
-1.296795510710888055e-01
-3.715997135859124612e+00
-2.305408255525720929e+00
-2.329282933992403049e+00
-4.491228638471276291e+00
-7.631174879106727982e-01
-1.841261786448338045e+00
-3.557445507431272080e+00
-3.085128394564479848e+00
1.646946255143100779e-01
-1.348395270428323356e-01
-1.714273449578601893e-01
-2.143448248808724088e+00
-5.139215649213864090e+00
-4.028733249077019352e+00
-2.745541602372110201e+00
-1.498270928971782157e+00
6.623443222295181121e-01
-4.379176076097838211e-01
-7.968113360373432763e-02
-3.878316677862262640e+00
-1.981047463054887103e+00
-3.505657262431962629e+00
-1.238825438929950895e+00
-2.557451319418718061e+00
-2.011245432529262800e+00
-1.917987779404156656e+00
-2.332289015816054079e+00
-1.092792869580386128e+00
-4.247534308712636708e+00
-1.691153345418934917e+00
-1.104881844659004964e+00
-2.021221763496736212e+00
-4.772217623506462836e+00
-2.198104201191599216e+00
-3.491365702921633285e-01
-2.768865931060326080e+00
-3.611476720558795428e+00
-3.452820367908018717e+00
-9.642232793116211065e-01
-2.125419341979307042e+00
-3.047176520654705012e+00
1.111786821188505803e+00
-2.885484244969959811e+00
-9.496445055668779611e-01
-3.015639140051701084e+00
-3.831705816046624857e+00
-2.907835527400246090e+00
-1.714440173521893929e+00
-2.521123193418222552e+00
2.052734673047496905e+00
-1.178043410164715699e+00
-1.491164616020558276e+00
-4.729568892957295212e+00
-1.288126564671256746e+00
-4.700667826521223169e+00
-1.939370857499575385e+00
-4.236942506139868003e-01
2.059404396080947830e+00
-8.975955632471892542e-01
-1.217118023002602634e+00
-6.712941892020911627e-01
-1.771316177702124017e+00
-3.239950405725061877e+00
-2.665965561796062033e+00
2.697770317449057487e+00
2.018754433042881935e-01
-3.862170638778601894e+00
-3.699892624705071409e+00
-2.565833114002531445e+00
-1.692428733059119006e+00
4.478422399421861377e-01
-3.113899366184768258e+00
-1.062177013603593512e+00
-5.169392896247267721e+00
-1.711532940868931263e+00
-3.602243872961401028e+00
-1.096688041335742714e+00
4.124119218418755839e-01
-5.331330502782003933e+00
8.749099304898092511e-01
-4.907119920356236342e+00
-2.140393445119017191e+00
-1.203060993726625449e+00
5.432379884286518967e-01
-3.233891911386299611e+00
-4.332562390976440803e+00
-3.241140417536744867e+00
-6.063399719596938908e+00
-4.373047421416764280e+00
-7.982068540857024663e-01
-2.080400244831879242e+00
-2.597917336340979322e+00
-8.197161926821227018e-01
-2.245566145101680622e+00
-4.782666611881298380e+00
-1.875124034582416499e+00
-1.513027852802840023e+00
-5.469329076728477013e+00
-4.140620515879008257e-01
-4.562602780634277266e+00
-3.573381759160089821e+00
-8.092719640874220799e-01
2.570925145645061582e-01
-5.131083407371790805e+00
-3.515411296106463190e+00
-1.136904425359589466e+00
1.326445594085212232e+00
1.418288910100861777e+00
-4.480201452389635186e+00
-2.570272297756471591e+00
-1.556009805979361893e+00
-2.425853678538266500e+00
-1.233908787473569912e+00
-1.854795712212187642e+00
-4.429632707205565012e+00
-5.006434614182146525e+00
-5.242402715210721986e+00
-3.942276530209657959e-01
-4.768216600442648279e+00
-1.178927801520631702e+00
-3.248408072408783820e+00
-3.749758621823847449e+00
-1.224820482821768808e+00
-4.811952379186592132e+00
-1.127619740522909364e+00
-9.745116972376246522e-01
-1.369544077157807349e+00
-1.836213675793601174e+00
-5.981005182770664508e-01
-6.361731198927680353e+00
-5.460480254874104489e+00
2.047868533464494156e+00
-3.259026615984326192e+00
-6.143805076917866259e+00
-1.384421100634831703e+00
-1.897850879634819909e+00
-3.349127152256926809e+00
-1.459483307568582910e+00
-3.174905230993937622e+00
-3.331487656398897546e+00
-4.509300928567384403e+00
-4.257323553032059671e+00
-1.662384355203301523e+00
-1.359306501120091548e+00
-3.827458469502075022e+00
-2.577777914907342094e+00
-4.124919039014704580e+00
-2.431055135857091098e+00
-2.209613044896280520e+00
-2.452556720549462277e+00
-3.661645054123562115e+00
-2.447798946079153548e-01
-2.954733412794070979e+00
-3.711868860372355416e-01
-1.478625355425846610e+00
-2.909408656005351812e+00
-8.972566578577778618e-02
6.294287784957662835e-01
-2.109265748762394477e+00
9.487686624246682854e-01
1.734772653082228056e+00
-2.818659200557034339e+00
-1.814347144132072875e+00
1.285658462984464512e+00
-1.448450143398284595e+00
-1.300142694953915434e+00
-2.618448523163939168e+00
-3.150776756349383145e+00
1.543691472108663199e+00
-4.784626377223731297e-01
-2.990035589489346446e+00
-1.493112740681766804e+00
6.186975364914666375e-01
7.253851155466486955e-02
-2.484837137307809751e+00
-3.062860057390849544e+00
-9.021569090786795142e-01
-1.655036615555753210e+00
-2.581979750525561279e+00
-2.976811365643460494e+00
-4.269948096634172074e+00
-4.119056014971835822e+00
-2.508443489782257618e+00
-1.368297753582174536e+00
-1.934933359965380184e+00
5.559742515699784837e-01
-1.064530305214476558e+00
-2.014187659910788852e+00
-5.134564327398124739e+00
-3.626019186579224840e+00
-9.339397565274555335e-01
-1.823710765962038849e+00
-4.534775767988555195e+00
-8.265452589977130282e-01
-4.249153941315995553e+00
-2.083933799096673312e+00
-2.297264248743495774e+00
-1.978725793045283954e+00
-2.683453870722250389e+00
-3.601252593907902089e+00
-1.918339959237264747e+00
-3.758123419368658347e+00
-6.820857547298804502e-02
-3.077405673550997367e+00
-3.930258075126991102e+00
-6.055764338043479356e+00
-4.197753566343274123e+00
-1.136663425605083377e+00
-2.098784061631417064e+00
-1.698407999374507593e+00
2.342496063790427296e+00
-2.535464840051457891e+00
1.683817783498025022e-01
-2.460794635236930095e+00
-2.879856245956381455e-01
-1.435483173482240193e+00
-4.372223899760357746e+00
-4.741822838320137734e+00
-2.771710027382250807e+00
-2.311474252473022961e+00
-2.422787635888244751e+00
-5.632326057275057529e+00
-1.269947981424146111e+00
-4.440499634456445577e+00
-8.032699228300400895e-02
-1.375780239573582753e+00
-4.649607304497473947e+00
-5.093802351115641613e+00
-3.651758226478061253e+00
-4.302868524295194952e+00
-5.850532463910864678e+00
-3.473579505296527703e+00
-9.858646600574524355e-01
1.870794946411052706e+01
-2.844095283525077011e+00
-5.015605742232608355e-01
-1.027533957601256542e+00
-3.964130090037778942e+00
-4.387010590748315231e+00
-1.219329434919386168e+00
-8.897872082317498377e-01
-3.988476267410735687e+00
-2.180853988433421264e+00
-8.221609669718343838e-01
-1.132980410789026449e+00
-4.157380272654052078e+00
-1.422445036860040091e+00
5.923877635901443339e-01
-1.410755554129733635e+00
-9.766183400212857801e-01
-4.107899709115363507e+00
1.539071891038508433e+01
-3.772985551781448788e+00
-4.570026613766276391e+00
-9.201896216733490563e-01
-2.008281016204963798e+00
-1.501342344457428757e+00
-2.772805560859127105e+00
5.567232338195897690e+00
-3.839979984052493300e+00
-1.947393935298545653e+00
7.756040520051604714e-01
-2.822842988748606619e+00
-2.646032748919530331e+00
-4.050856305996949125e+00
-4.372768533810806879e+00
-7.053357174966427001e-01
-1.004154108945699148e-01
-2.735388790743786269e-01
-9.591305621611400101e-01
-1.483336949453288645e+00
2.950541602014355447e-01
-3.080263596048243180e+00
-4.263863319637525962e+00
-1.773561885847899422e+00
-1.790415911499091850e+00
-8.768871342406872049e-01
-1.803907110374600942e+00
-4.187343558120053544e+00
-4.373591096161537628e+00
2.493298059110116149e+00
-9.314612702153250712e-02
-3.297853759039319765e+00
-3.764654299702356433e+00
-2.146511800775274370e+00
-2.877795577463321486e+00
-5.329660634624848292e+00
8.641105341178758614e-01
-1.537319500232577019e+00
-2.834693695909871636e+00
-2.698097235895448254e+00
-3.145851363732594219e+00
-1.007858528135106679e+00
-1.480599242346786859e+00
-4.002279431595059833e+00
-4.306415463456771064e+00
-1.707273005374746466e+00
-2.746054015956282512e+00
-3.117120284392371765e+00
-2.001677474983385441e+00
-9.655974580848308841e-01
-1.466868478282354227e+00
-2.276398943898036542e+00
-3.327507832906650975e+00
-6.235843212917892231e+00
-1.279688464348688770e+00
-2.670404418049024287e+00
-5.079214409176442402e+00
2.531022274671035355e-01
-4.596921872007158960e+00
-4.702975287120616521e+00
-5.057817085512329669e+00
-1.009738655473587432e+00
-2.768802583525549199e+00
-1.516389108710929134e+00
-2.444339323016277987e+00
-1.954929541307402818e+00
-4.279111447690111092e+00
-2.319754400630977820e+00
-7.766329147628058260e-01
-1.080732528050398988e+00
-4.314193419323721912e-01
2.176873841352207517e+00
-1.706951614047382160e+00
-2.253371924284521377e+00
-4.081965406216273351e+00
-4.849507819712194912e-01
-2.920891144670541895e+00
-1.790235219597075877e+00
-3.765470368384645550e+00
-4.969706636595753402e+00
-1.144398428254769451e+00
-1.037575110796025601e+00
-1.609604243287351855e+00
-3.243327749990201792e+00
-1.336411226877934899e+00
-2.075049570464426285e+00
-1.628037813983095550e+00
-3.161171162430277182e+00
-4.316377747853921143e+00
9.023009136829868160e-01
-2.061297172333423244e+00
-2.313069017564439278e+00
-2.563238094949399581e+00
-1.899313349706185150e+00
-1.994808356719886655e+00
2.983147559012392369e-01
-5.732869859527836010e-01
-1.351024249503542052e+00
-1.737058255690867803e+00
-4.459880900122994873e+00
-1.606957127096285465e+00
-3.605903786531677202e+00
-2.026893051820810143e+00
1.517504180648532985e+00
-2.271591439516043032e+00
-1.336888848295024745e+00
-4.887518299054874338e-01
-2.727432680657147390e+00
-3.344934773056801536e+00
