1.256490563055577780e+01
4.197489650619543156e+00
3.185476974449035659e+00
4.555524064109220284e+00
8.911390146408423973e+00
6.665283823982763423e+00
6.694325868888957309e+00
-5.824641783924039418e-01
2.837780095812973524e+00
4.887272027107036898e+00
9.600274028538420268e+00
3.121227879494748780e+00
5.183122050036025108e+00
-1.667306531931382896e+00
1.429641858855915215e+00
4.648381071315234259e+00
4.448166908628967242e+00
3.766764313222686678e+00
3.569061102549085707e+00
1.575502983414007074e+00
6.063504516351790663e+00
1.746123677661578277e+00
2.151018039786406266e+00
4.434825505233451537e+00
2.677796138428159445e+00
-2.273254845282226544e+00
-3.810943238469544081e+00
6.503734940268788289e-01
1.010775783970102637e+01
9.051263943463290218e-01
-2.053484032913586721e-01
6.304892300487193957e+00
2.780830926854076068e+00
4.533554606514821117e+00
7.479002757206063556e+00
5.193567660730495028e+00
3.221677777229084771e+00
9.947193192641077264e-01
6.038655429042763423e+00
2.289623062166132428e+00
1.888982732782763518e+00
2.072804976177472280e+00
5.463678752734662858e+00
4.329277709923059270e+00
5.713749874498281756e-01
8.645028265493229114e+00
7.791806842272205991e+00
-3.547904083233901495e+00
2.891123658289482257e-01
3.995902278188297796e+00
3.868648985821740993e+00
1.500070920677130548e+00
6.503539634404414294e+00
-6.232519908543805442e-01
2.578818295847705055e+00
3.799646061397950803e+00
4.074309817674325096e+00
5.405066353094171383e+00
3.124730433865809065e+00
3.046198867946198430e+00
2.754144963155496839e+00
3.858839669052191557e+00
6.070018459338387906e+00
4.471176420888497205e+00
6.149004625696238513e+00
-2.665263597513675364e+00
-1.250685016659487170e+00
3.503831869149848011e+00
8.719096041761491278e-02
-2.714391946016898149e+00
7.386811998775834276e+00
1.964137923563018973e+00
5.059848692232068679e+00
3.882672523492228578e+00
4.006296307530599066e+00
2.367209090998387833e+00
3.717882554693365815e+00
1.021530823259635623e+00
1.172146265379954144e+01
1.988702796679639340e+00
6.052661623212630460e+00
6.729496238249206286e+00
6.136249804999319046e+00
7.557377141015354738e+00
2.660299531093273107e+00
3.554390099071524922e+00
1.647256455346495896e+00
5.057587238968199728e+00
6.819025038074876477e+00
3.070706295078414527e+00
5.149485094841010024e+00
4.477468065294655908e+00
9.658936787769049070e-01
6.725997861330522021e+00
2.111613622394866052e+00
2.181818639269426541e+00
4.105026763861639338e+00
3.970691471365619840e+00
2.552838448912801095e+00
7.832346814209000030e+00
1.204214074236628962e+00
7.681628144370457711e+00
7.470124516935977788e+00
6.377539801236826733e+00
8.601224902935140193e+00
2.309195131237017584e+00
6.474457054075325679e+00
2.728524006056120221e+00
2.036150633015153311e+00
5.652491515738975458e+00
1.670645930124195822e+00
4.603233810025831652e+00
4.969526756561291947e+00
1.769271018002381624e+00
4.292499924499104225e+00
4.393733686774508485e+00
2.134526941551593282e+00
3.213124918580650746e+00
6.590107622079622196e+00
5.426413663360113659e+00
1.602328451533268527e+00
3.788739556565970279e+00
4.763890798339391885e+00
5.326122353962074563e+00
4.338898688255058644e+00
5.894824263028612066e+00
-3.547811083760546991e-01
-4.109426668365188995e+00
3.044063882269586685e+00
2.227802203216082688e+00
2.624063961746433638e+00
2.397526680663871534e+00
5.439431897297398066e+00
4.654316906868675829e+00
5.925013865600332608e+00
6.462007675908243876e+00
6.315738929488980524e+00
3.028483901354160679e+00
4.769745148632795195e-01
3.024199114153226731e+00
7.139170613633393003e+00
5.921428382555139258e+00
3.304205821809708787e+00
4.557072612807209211e+00
9.022478159114868390e+00
7.378647092514385442e+00
-8.189325947238815795e-01
1.450081587785582382e+00
1.555689285426863133e+00
2.800871670081984455e+00
7.635962363674481779e+00
4.081803196603047468e+00
8.508960517749073915e+00
-5.064107725978322927e-01
7.270670287038689672e+00
8.524065689594198858e+00
6.499799299180968326e+00
8.169984542690290397e+00
4.665052513892943509e+00
6.469419731007830521e+00
6.362103135020927169e+00
-1.850166177662871059e+00
5.206071815704781613e+00
5.149818179722331024e+00
6.486408864549100706e+00
3.239453231765783592e+00
-3.455397139076026303e-01
5.729336116239976739e+00
1.082973439557518125e+00
3.755811351831921385e+00
3.510111091383720794e+00
6.685550773653601730e+00
9.343114987193676058e+00
4.958206432353448712e+00
2.274935857809683437e+00
4.379864506157105986e+00
4.508139179741273317e+00
3.385339116628323097e+00
1.239892000937888872e+00
5.642994728051493603e+00
4.116695482617696022e+00
1.628136008286721115e+00
7.499221887085274485e-01
1.227066958771378724e+00
5.547310347793291463e+00
1.190384759874363318e+00
4.893677250289337977e+00
3.218011136557054286e+00
4.212301636251214454e+00
2.867281402489716413e+00
5.805255612782495689e+00
5.507381194667892110e+00
4.229727453694993144e+00
2.692546266996701743e+00
5.964587850645551192e+00
5.434121413475852869e+00
5.951954743920466306e+00
-8.191504414072215967e-01
8.641468906303961361e+00
8.393317874780107601e+00
-8.373240030129176503e-01
9.104096199643512577e+00
6.623647510857187726e+00
-1.420366385994567437e+00
3.373304607989778159e+00
4.470767776827446305e+00
5.398406677678907251e+00
3.367279388100441473e+00
2.133883981403509045e-01
2.624137491541152389e+00
-1.271717156095750478e-01
1.354399388861141418e+00
4.445181767268256756e+00
9.722038095651406309e+00
6.516546523714586314e+00
4.333956550380968054e+00
5.673592236636724184e-01
6.025656578964553312e+00
2.593207611033271132e+00
-1.094218311584856940e+00
3.114794859679685501e+00
5.781099780643034869e+00
3.801295179995127782e+00
2.809148252321367334e+00
2.034040508171904182e+00
3.679614354804854326e+00
9.830747051734030961e+00
8.568785184347488482e+00
5.611101887789466502e+00
5.212659227932567418e+00
4.810031738386256528e+00
1.062944338395561461e+00
3.354359330037666620e+00
1.609281553342567062e+00
7.006521381569239537e+00
4.684973865094765877e+00
-3.055118617543020942e+00
8.062924783426604236e+00
2.113177869128838537e+00
5.730363045777058240e+00
1.346114322370870031e+00
5.525741061819394950e+00
3.911001290169071165e+00
9.662924556484049354e-01
4.848020324768204325e+00
3.791906971185913022e+00
-2.666955471464428906e-01
1.556241390493607879e+00
5.465845550189625257e+00
-1.337451138412686147e+00
1.979749786970992798e+00
3.256823059756583039e+00
6.554649955371434800e+00
-2.368867168944692736e+00
2.772886091088710980e+00
7.565790552557238868e+00
3.722138089612896827e+00
5.509519023548692829e+00
-2.113268662928001085e+00
5.707046838877511519e+00
5.355384138353179502e+00
4.713368286920696093e+00
5.572364320912288171e+00
1.244468358849953660e+00
3.048575206098356194e+00
1.322423103882970574e+00
2.076892279060781055e-02
3.159988641328526970e+00
5.868510928512502112e+00
2.639516591166866544e+00
6.452617570524625812e+00
5.592598164448203235e+00
3.961241320700084945e+00
9.197173898579164231e+00
1.299629118216341750e+00
5.404127851317719333e+00
2.344797306109153823e+00
7.729410152756062580e+00
5.437135487356195895e+00
4.436855035435519845e+00
3.065214906600431721e+00
3.271848897796928224e+00
2.315664655028098817e+00
6.666185436313556423e+00
2.763999983955302220e+00
6.513982874602677775e+00
6.922125644608633444e+00
1.763250209095761356e+00
2.835683352418032044e+00
5.121402707982560365e+00
5.210316106392950175e+00
3.961476235693650594e+00
1.162908043979765971e+01
7.725923425873776118e+00
4.024096994261889826e+00
1.827473870150682744e+00
3.880708439920978137e+00
5.082467729880603358e+00
2.072182217485450284e+00
4.735383634914998030e-01
3.952854038238599266e+00
3.694621667307294022e+00
8.853456487088049442e+00
6.634818229464139350e+00
2.048928913783481409e+00
8.631765820289359681e+00
5.120693187228201992e+00
6.106314599402548282e+00
-1.043649481391258682e+00
4.217354826602008333e-01
2.899384950808761019e+00
2.205877606464843321e+00
1.831869686699524546e+00
6.315595059529999666e+00
3.980982301513600330e+00
4.794556012679432655e+00
6.217646393505657620e+00
4.106643387593958749e+00
4.349741413928549072e+00
3.360822763508006794e+00
1.943744462241752347e+00
3.425274208276523957e+00
4.801701969343286081e+00
-4.994718839246064523e-01
1.280006235171573525e+00
8.463423936073935394e+00
5.608287306517526716e+00
1.739106278646458115e-01
-8.311523851828633846e-01
1.729107615350053750e+00
1.278219595383649487e+00
7.861387892985085557e+00
4.306935841050965941e+00
4.635263002932640930e+00
1.323842589549733273e-01
4.705455691616831082e+00
4.608185787094555508e+00
1.688852331603088786e+00
-8.216971942968582798e-01
1.600396701187084103e+00
1.812228453964368935e+00
2.080949641245490866e+00
1.651772167889154375e+00
3.728849720792994926e+00
5.878649302385110964e+00
-2.428037575441753526e-02
7.185352093286683228e+00
-2.665471661540028819e-02
5.362717205719832236e+00
7.199080273092781646e+00
5.839178268269304972e+00
3.583386270726749867e+00
1.876200283067480434e+00
-9.629166118717521483e-01
3.870284540412409324e+00
2.748868030642542593e+00
4.041803393658221388e+00
3.868768878814882850e+00
9.816237984732355315e+00
6.918709855327776381e+00
3.832671762245517311e+00
2.856900825070148642e+00
3.880845110575509960e+00
4.370384332752897727e+00
4.057237504864632527e+00
5.335575939160699832e+00
-8.776767474449400641e-01
6.020325129813031140e+00
1.314053270597682399e+00
3.176824892856779048e+00
3.424624586813334037e+00
1.262530983274820251e+01
7.031802142095012087e+00
5.465859813313019622e+00
2.884602648431056959e+00
1.994210247574792261e+00
4.854102291691675952e-01
1.148344375187714705e+00
1.023713096672802303e+00
4.785315587067485055e+00
6.304955609714985698e+00
4.561149474021572559e+00
2.567317320433362138e+00
2.330015487212111935e+00
2.560805700643288940e+00
7.891288311495522345e-01
3.179182647447710952e+00
-1.297936515937674617e-01
1.089080543222222495e-02
7.273564835234386239e-01
4.056477598101284165e+00
2.526976825366510138e+00
4.667870633999365637e+00
2.689180043226321981e+00
4.064230303554944967e+00
1.267395662132692991e+01
3.346701900301098487e+00
4.359742984220943640e+00
3.369931254977542423e+00
6.136842684723748498e+00
-5.181481781672177434e+00
-3.622368743133406621e+00
-3.734913852338307638e+00
-5.278379998686997254e+00
-1.266800801806287513e+00
-3.985812190365246810e+00
-3.943389350102484592e+00
-4.225995920172663567e+00
-7.921467799655368403e-01
-6.523724540026017316e+00
2.320509435514499952e+00
-4.224285967174622236e+00
-1.170386089386935602e+01
-2.936138938433630496e+00
-3.851889308088418229e+00
-6.685323553628248483e+00
-2.922598432588527473e+00
5.001533026277255045e-01
-7.087189290390067065e+00
-1.952161607232831608e+00
-1.335653708286859809e+00
-3.626836409053175725e+00
-7.458190073175474666e-01
-6.061353844343005948e-01
-1.888399192722279851e+00
-7.314113329374075434e+00
-3.903886456170039931e+00
-1.262723502263567665e+00
-6.295759581822293782e+00
-5.303096265573049806e+00
-3.831564382412883774e+00
-4.639416759829055437e+00
-6.451697823070963622e+00
1.631264906924522196e+00
-3.037328224356397488e+00
-4.515236694987808108e-01
-2.026036104006387006e+00
1.238351906289941295e+00
-1.733195096177904793e+00
-2.446843651536676045e+00
-4.119392154921588833e+00
-2.258711171611058166e+00
-6.143458409022760414e+00
-1.246806823074336545e+00
-7.325375052862616698e+00
-6.094338839653610229e+00
-5.164109929589048242e+00
-2.093858562986709249e+00
-4.121645685614820032e+00
-5.896793072922140055e+00
-3.378909821379568079e+00
1.100898325197833927e+00
-8.312416016457075951e-01
-4.803206266028501759e+00
-6.985681171211648888e+00
-3.901418740147531317e+00
-4.697274330098379025e+00
1.369676429915463789e+00
-2.989162028081289613e+00
1.406028460924108270e+00
8.981452147265772679e-02
-8.238843750543871636e+00
-1.853475281493430993e+00
-4.125440372560801094e+00
-1.905412681985254375e+00
-5.129571238529231358e+00
-7.386682785112840932e+00
2.093356951601022864e+00
-2.418800584351818106e+00
-6.898060400398113856e+00
-3.155010813235514799e+00
-5.958333209145052933e+00
-4.349046158306617116e+00
-1.405544099215132237e+00
-6.370416872550423548e+00
-4.194795984021063795e+00
-6.475861403110058312e+00
-5.209824790661094163e+00
-8.641781030019120013e-01
-5.515521741024817182e+00
-3.452001104896942341e+00
-3.995216648821443783e+00
1.714683426221021101e+00
-6.653240131623641140e+00
3.023338723241996817e+00
-2.013650075103347592e-01
-5.728803389864557394e-01
-3.122577893030412888e+00
-5.480132264130014974e+00
7.942587533040178505e-01
-4.979568001437767677e+00
-4.613194149127544996e+00
-2.249817460843919759e-01
-2.212113370484078967e+00
-4.498989473326106214e+00
-3.679322641867689203e+00
-1.167639739546864064e+00
-2.684625409241084171e+00
-3.948766186177997906e+00
-3.219819769794377340e+00
-1.930712002298634600e+00
-3.121171587037021578e+00
-7.936155918339882653e+00
-6.826791147960222794e-01
-4.526090301650591563e+00
-6.528407164558927889e+00
-2.492571348105610873e+00
-7.591211381740076369e+00
-4.750667606938836940e+00
3.112441770815539410e+00
-4.935653470452923131e+00
-2.593043375151384389e+00
-2.099616293212867024e+00
-4.199199368804159560e-01
-3.869790240971356265e+00
-3.333247560623752825e+00
-4.584271530108964043e+00
-1.521747275685728651e+00
-6.790295043946964704e+00
-3.902197406716323869e+00
-3.642115782781448097e+00
-3.657713856782046413e+00
-9.277886062734630457e+00
-3.275121244239627138e+00
-5.681276814025137512e+00
-2.232436251072614120e+00
8.060508718504288961e-01
9.266711749236441475e-01
-4.265603047599089148e-01
-5.821135357672273081e+00
-3.291990665310366548e+00
-4.331273096440805936e+00
1.952793894272412345e+00
-3.231622183159641448e+00
-6.873203087695221036e+00
-6.902195384325148453e+00
-2.112611580226490260e-01
-3.550859377472393774e+00
-4.206854488313977569e+00
-4.685785482498688204e+00
-5.475924855483798481e+00
-7.613866743711328322e-02
-1.667404487727157214e+00
-5.593792199583467184e-01
-6.533123716102055667e+00
-5.514975201013148087e+00
-2.443971654057004450e+00
-8.080134676816280503e+00
-5.437343401642468876e+00
-7.270407008501337032e+00
-8.358055660500802730e+00
-4.278907599331154721e+00
-8.665282938478860331e+00
-6.895555751473990469e+00
-6.899685523030957057e+00
-5.505121075943433695e+00
-6.172077016448467290e+00
-5.354025071156359061e+00
-4.044574583033591075e+00
-4.681149671843021665e+00
-2.627728536371292112e+00
1.446005532318683784e+00
-2.248960541065002428e+00
-1.652035037645087634e+00
-4.938118746541906745e+00
8.388738259157899613e-01
8.679732044676922165e-01
9.607817253002218782e-01
-1.718129079660845049e+00
-1.002298712486759413e+01
-1.835205948354361183e-02
-3.461474252380985384e+00
-6.968787672281783863e+00
-4.667468020888138724e+00
-3.742158778948365239e+00
-4.493969033889210429e+00
-3.596471668548910650e+00
-2.850995747251639845e+00
-7.720841989879379419e+00
-7.574031604688194363e+00
-3.370251009368090855e+00
-8.518674907353776860e+00
-6.524519742551961876e+00
-5.368165638369295500e+00
-4.039958524445868449e+00
-1.416509790273652980e+00
-5.171511218590945091e+00
-1.851477671842359785e+00
-7.159785399727154775e+00
-3.561239553563648741e+00
-6.960290953884027410e+00
-2.405923743883262134e+00
-3.017222687913819534e+00
-3.614589170910674998e+00
-5.648891239041173407e+00
-6.536110365399426136e+00
-4.208780906705348102e+00
-2.963585828234840402e+00
-3.182997605543883779e+00
-5.291394392532407842e+00
-3.433485690675526669e+00
-4.133740154201778871e+00
-2.474108164989906378e+00
-6.559523987766959330e+00
-3.618054112845688675e+00
-4.296524858113319745e+00
-4.911522132805520968e+00
-7.696206177144941485e+00
-1.517449361553583564e+00
-5.635493516278557102e+00
-2.427599872838692718e+00
-6.574748215029699416e+00
-6.499290769410300150e+00
-5.832571737759276509e+00
1.656768282955023430e+00
-7.632158060251213350e+00
-4.430408895837490313e+00
-2.189065402992460996e+00
-5.819171047644926098e+00
-4.068153723948797484e+00
-9.023190707971734170e+00
3.916852639462888724e-02
-6.534134665728834612e+00
-1.007711583840167258e+01
-4.415293026088563444e+00
-2.389333012676098544e+00
-5.819913046994204642e+00
-1.231896093831545080e+00
-3.476529097787526723e+00
-2.563615998160952092e+00
-3.089894844316043887e+00
-4.267819165658083058e+00
-5.711135495620887070e+00
1.663415663120889176e+00
-3.313619673440900470e+00
-5.709509966559500604e+00
-1.332988249550821402e+00
-1.394766650215522041e+00
-5.931586470115508547e+00
-5.721095537702315603e+00
-2.315850826240197335e+00
-6.107964624037652612e+00
-3.468846755152906525e+00
-6.868528794191717246e+00
-4.626862640907808411e-01
-4.147035172432307348e+00
-1.350825069395986011e+00
-3.122314148438027015e+00
4.937771691655852280e-01
8.467358869417410672e-01
-5.573248606008735173e+00
-3.694850036392903103e+00
-3.125288102108034316e+00
-6.087127540124093628e+00
-4.061761168372077790e+00
-4.370557870294206282e+00
-3.090866314207224352e+00
-1.061661014338204367e+00
-2.271532775846305086e+00
-4.891624551540213695e+00
-1.013793397478375935e+00
-6.186245108385665326e+00
-2.525873013058018479e+00
-4.250752458157270652e+00
-3.619450954255155395e+00
-4.299928949741896211e+00
-3.645015213849084557e+00
-4.448514385425720974e+00
-1.317487715732805320e+00
-6.266030919346352590e+00
-1.975921162780236440e+00
-4.748418420300326126e+00
-4.218963191541718061e+00
-2.446812453959340772e+00
-2.267953465543542713e+00
-4.996158214273079601e+00
-6.213644733773221240e+00
-3.262487940651801921e+00
-3.046326034429811980e+00
-2.501839638769573604e+00
-2.310810275746879139e+00
-5.326507230596302378e+00
-5.290016023913864274e+00
-1.712893206392508194e+00
-5.429250328059765707e+00
-5.907834784259549998e+00
-1.310795117436904134e+00
-8.110552051577069932e+00
-3.003334744511737320e+00
-1.652491585074112868e+00
-7.987772111050809087e+00
-5.843445031537270573e+00
-3.221624359177111430e+00
7.064644788731830882e-01
-1.323756776924695622e+00
-3.356203480363105118e+00
-2.152200008018558375e+00
-6.028632057569363489e+00
-3.176195490978560354e+00
-4.279347341142200278e+00
-6.364216108917148951e+00
-2.644489466297425651e+00
-2.857296330836820442e+00
-1.662919660168834968e+00
-5.988627571435687358e+00
-4.045972698562092518e+00
6.115718543588840594e-01
-2.780325798108115531e+00
-3.941813003815803018e+00
-2.958578504843716317e+00
-5.346853435443812863e+00
2.222300936697764739e-01
-4.222218476834251888e+00
-7.004750328964388650e+00
-3.882106172298316782e+00
-8.806271040364569425e-01
-4.596492987277389197e+00
-8.185720167011727000e+00
-5.291694847644826005e+00
-3.915056923618168483e+00
-7.431472522480031984e+00
-7.578387900099335717e+00
-6.920257158992887625e+00
-2.009617363935271683e+00
-4.600170815139848379e+00
5.534574676360195511e-01
1.353730285048588389e+00
-2.985986538018901015e+00
-4.995544579453415679e+00
-9.621280023581112673e+00
-7.428688823820343679e+00
-4.425825453251026609e+00
1.147651527751548661e+00
-3.695099726623677583e+00
1.332985158749295795e+00
-2.914781213694889850e+00
-6.062705076297229212e+00
-4.558556949959220006e+00
-7.740233420275428600e+00
-3.606434189775336030e+00
-5.726556272044179829e-01
-1.743839710734847115e+00
-7.826620715889037072e+00
-2.847723197210641821e+00
-8.544918096535514263e-01
-6.488518809079235616e+00
-2.196400290195466287e-01
-9.088454965180567058e+00
-2.148421042936998759e+00
-2.056851832239545708e+00
-1.095504303153340464e+00
-5.633693411554473229e+00
-5.323480853647612143e+00
-1.511269425945842793e+00
-4.047140364109879762e+00
-4.050926032727088177e+00
-1.381076492896643915e+00
-7.231486051859016051e+00
-2.409257456915296469e+00
-6.309285571983999752e+00
-1.004868515534288775e+01
-1.463923442405694386e+00
-4.118828327433549319e+00
-6.110728123582640059e+00
-6.201557559685733523e+00
-6.835304447912354142e+00
-5.369354825670702880e+00
-3.459577530988524607e+00
-4.963900945320380842e+00
-1.025583016070862996e+00
-6.664111009733740154e+00
-2.986957087335537775e+00
-4.654060675013284687e+00
-4.557555285770605202e+00
-3.361644182362473199e+00
-6.388710802079416773e+00
-5.981476228894720748e+00
-1.273025291288614191e+00
8.950540673533471381e-01
-4.668047825689352059e+00
-4.900737840526524280e+00
-2.418861843113777610e+00
-9.846365385602129372e-01
-9.114546129808605457e+00
-6.975659269563548648e+00
-4.024449225339351344e+00
-3.181348750944742232e+00
-4.141938767150071143e+00
-2.024569732714222692e+00
-7.863973036125486704e-01
-3.006253541315079492e+00
-2.731277188327261740e+00
-1.314555424510600368e+00
-5.871161090148226513e+00
-1.422595335722180443e-01
-4.123272221990076147e+00
-2.631529190244838556e+00
-5.172343361255443028e+00
-2.154875787466336234e+00
-1.170658807817213376e-01
